w_nc=0.0,trial=1
   iterations         R  within_seq_var  between_seq_var  var_over_est
0          50  1.043698        2.373939       256.570579      2.585946
1         100  1.084612        2.332818       495.683842      2.744287
2         200  1.096964        3.568700       873.587171      4.294320
3         400  1.166307        3.689195      1597.301204      5.018313
4         800  1.257228        4.002351      2790.299431      6.326201
5        1199  1.321950        4.275446      3836.424808      7.471567
 ---
w_nc=0.0,trial=2
   iterations         R  within_seq_var  between_seq_var  var_over_est
0          50  1.070386        1.701306       298.962316      1.949230
1         100  1.106544        2.066591       558.193974      2.530417
2         200  1.167014        2.378363      1034.458039      3.239147
3         400  1.231736        3.024893      1878.732691      4.589287
4         800  1.340392        3.545739      3390.378303      6.370453
5        1199  1.457136        3.605827      4859.832367      7.656058
 ---
w_nc=0.0,trial=3
   iterations         R  within_seq_var  between_seq_var  var_over_est
0          50  1.090962        1.272816       291.535684      1.514904
1         100  1.131699        1.667732       563.043079      2.135935
2         200  1.137201        2.729322       962.295816      3.529627
3         400  1.249509        2.807011      1891.829164      4.382509
4         800  1.347811        3.376100      3308.900184      6.133001
5        1199  1.427555        3.715406      4627.380438      7.571673
 ---
w_nc=0.05,trial=1
   iterations         R  within_seq_var  between_seq_var  var_over_est
0          50  1.082516        1.509184       312.457684      1.768524
1         100  1.122056        1.865712       581.269184      2.348951
2         200  1.206314        2.058781      1125.693000      2.995924
3         400  1.295819        2.541826      2072.345783      4.268101
4         800  1.373276        3.376186      3589.494007      6.367110
5        1199  1.414098        3.909754      4690.174869      7.818232
 ---
w_nc=0.05,trial=2
   iterations         R  within_seq_var  between_seq_var  var_over_est
0          50  1.034369        2.779184       235.768211      2.973503
1         100  1.048023        3.343864       397.670342      3.672743
2         200  1.079043        3.642231       721.298184      4.240777
3         400  1.098571        4.628891      1152.701303      5.586416
4         800  1.158382        4.903818      2014.866924      6.580184
5        1199  1.206976        5.023960      2756.605527      7.318857
 ---
w_nc=0.05,trial=3
   iterations         R  within_seq_var  between_seq_var  var_over_est
0          50  1.068670        1.062735       182.071474      1.213701
1         100  1.075253        1.614076       303.845921      1.866146
2         200  1.065529        2.506084       409.209039      2.845286
3         400  1.082950        3.026552       630.017888      3.549481
4         800  1.114183        3.324687       965.636056      4.127282
5        1199  1.106437        3.666746       989.362203      4.488844
 ---
w_nc=0.1,trial=1
   iterations         R  within_seq_var  between_seq_var  var_over_est
0          50  1.034365        1.971469       167.224421      2.109295
1         100  1.050747        2.311778       290.774368      2.552364
2         200  1.065454        2.827764       461.195921      3.210056
3         400  1.071021        3.532080       626.431421      4.051595
4         800  1.088754        4.019019       897.355178      4.764087
5        1199  1.099529        4.245117      1067.853992      5.132197
 ---
w_nc=0.1,trial=2
   iterations         R  within_seq_var  between_seq_var  var_over_est
0          50  1.047250        1.506837       176.274053      1.652598
1         100  1.062241        2.103253       325.789526      2.373216
2         200  1.109782        2.345838       653.800803      2.889170
3         400  1.137892        3.070705      1088.448520      3.975941
4         800  1.209842        3.620034      2016.348023      5.298706
5        1199  1.292473        3.727010      2999.922207      6.225922
 ---
w_nc=0.1,trial=3
   iterations         R  within_seq_var  between_seq_var  var_over_est
0          50  1.046048        1.821469       207.586105      1.993083
1         100  1.063471        2.418152       382.148211      2.734857
2         200  1.078754        3.005583       592.970895      3.497631
3         400  1.143527        3.221411      1191.524487      4.212489
4         800  1.219832        3.527851      2067.671645      5.249406
5        1199  1.292653        3.701656      2981.575326      6.185287
 ---
w_nc=0.15,trial=1
   iterations         R  within_seq_var  between_seq_var  var_over_est
0          50  1.020336        2.886490       145.079684      3.005083
1         100  1.029269        3.941515       284.630421      4.175618
2         200  1.043368        4.562099       489.289039      4.966375
3         400  1.069157        4.383900       756.547836      5.011226
4         800  1.054947        4.222712       575.903599      4.699510
5        1199  1.043086        4.885712       520.556753      5.315796
 ---
w_nc=0.15,trial=2
   iterations         R  within_seq_var  between_seq_var  var_over_est
0          50  1.035759        2.693837       237.823263      2.889941
1         100  1.058184        2.932202       423.949000      3.283342
2         200  1.085005        3.409896       728.034539      4.014253
3         400  1.131643        3.658447      1234.574803      4.685066
4         800  1.192025        4.400613      2225.337770      6.252938
5        1199  1.196971        5.203857      2705.256411      7.455777
 ---
w_nc=0.15,trial=3
   iterations         R  within_seq_var  between_seq_var  var_over_est
0          50  1.026108        2.423224       156.112211      2.551405
1         100  1.030399        3.019172       226.452421      3.205521
2         200  1.047417        3.725966       437.431618      4.087689
3         400  1.080443        4.037658       814.239914      4.713390
4         800  1.088438        4.425842       984.536408      5.243282
5        1199  1.072521        4.311133       781.229549      4.959105
 ---
w_nc=0.2,trial=1
   iterations         R  within_seq_var  between_seq_var  var_over_est
0          50  1.009815        2.871265        70.781789      2.927905
1         100  1.013769        3.566116       122.125658      3.664998
2         200  1.018261        3.501572       158.233487      3.630622
3         400  1.017398        3.613532       155.686461      3.740365
4         800  1.017235        3.770947       160.968421      3.902054
5        1199  1.017331        3.850835       165.277459      3.985469
 ---
w_nc=0.2,trial=2
   iterations         R  within_seq_var  between_seq_var  var_over_est
0          50  1.034305        1.720490       145.682421      1.840558
1         100  1.033296        3.326207       273.324500      3.551393
2         200  1.054706        3.560871       483.474592      3.961132
3         400  1.080897        4.055295       822.562789      4.737954
4         800  1.118506        4.728725      1428.146605      5.915896
5        1199  1.132830        4.671060      1591.339074      5.994386
 ---
w_nc=0.2,trial=3
   iterations         R  within_seq_var  between_seq_var  var_over_est
0          50  1.009425        3.534388        83.793947      3.601327
1         100  1.007308        3.326611        61.833184      3.375407
2         200  1.018120        4.045235       181.412539      4.193164
3         400  1.020982        4.348033       225.415243      4.532409
4         800  1.016060        4.584608       182.560122      4.733045
5        1199  1.021292        4.655717       244.898995      4.856087
 ---
w_nc=0.25,trial=1
   iterations         R  within_seq_var  between_seq_var  var_over_est
0          50  1.034393        1.661347       141.034737      1.777588
1         100  1.036752        2.337535       212.134526      2.512512
2         200  1.037514        3.931250       364.209645      4.231732
3         400  1.049841        4.195876       518.177349      4.624551
4         800  1.064230        4.266088       682.444645      4.831709
5        1199  1.063072        4.751745       746.101512      5.370052
 ---
w_nc=0.25,trial=2
   iterations         R  within_seq_var  between_seq_var  var_over_est
0          50  1.022184        1.400673        76.740474      1.463509
1         100  1.020518        2.358268       119.583079      2.456036
2         200  1.023123        3.521649       201.047434      3.686392
3         400  1.015443        4.333293       166.047276      4.468167
4         800  1.011931        4.063583       121.018372      4.161127
5        1199  1.011689        4.008111       117.012348      4.102360
 ---
w_nc=0.25,trial=3
   iterations         R  within_seq_var  between_seq_var  var_over_est
0          50  1.018159        1.956469        87.922789      2.028168
1         100  1.015713        3.892030       151.694842      4.015302
2         200  1.020148        4.609779       229.579158      4.797410
3         400  1.031257        4.861323       374.932632      5.169973
4         800  1.054680        5.294350       718.488793      5.889174
5        1199  1.087106        5.126461      1122.579369      6.058448
 ---
w_nc=0.3,trial=1
   iterations         R  within_seq_var  between_seq_var  var_over_est
0          50  1.008834        2.307816        51.413632      2.348772
1         100  1.013668        3.154561       107.257500      3.241385
2         200  1.012539        3.355533       104.883000      3.440209
3         400  1.011681        3.548901       103.536145      3.632293
4         800  1.014524        3.928313       141.737359      4.043249
5        1199  1.018036        4.152282       185.355127      4.303410
 ---
w_nc=0.3,trial=2
   iterations         R  within_seq_var  between_seq_var  var_over_est
0          50  1.017106        4.093020       173.428000      4.234251
1         100  1.023007        3.938470       223.730132      4.121782
2         200  1.035378        3.722158       325.079947      3.990180
3         400  1.052038        4.836724       624.100105      5.353207
4         800  1.072163        5.047101       909.948036      5.801814
5        1199  1.062435        5.387127       837.125177      6.080820
 ---
w_nc=0.3,trial=3
   iterations         R  within_seq_var  between_seq_var  var_over_est
0          50  1.025647        3.079347       194.892000      3.239324
1         100  1.038052        3.574980       335.990474      3.852224
2         200  1.067813        3.681649       622.677987      4.197910
3         400  1.078898        4.545273       898.428592      5.290797
4         800  1.137798        4.459442      1579.561678      5.773122
5        1199  1.176095        4.545673      2093.078127      6.287568
 ---
w_nc=0.35,trial=1
   iterations         R  within_seq_var  between_seq_var  var_over_est
0          50  1.011800        3.298551        97.187000      3.376857
1         100  1.012812        3.493278       111.509395      3.583366
2         200  1.016045        4.014622       159.719724      4.144484
3         400  1.014029        4.377388       152.667309      4.501066
4         800  1.019566        4.039061       195.399635      4.198661
5        1199  1.017879        4.400588       194.754743      4.559348
 ---
w_nc=0.35,trial=2
   iterations         R  within_seq_var  between_seq_var  var_over_est
0          50  1.021693        2.724122       145.972421      2.843596
1         100  1.033119        2.898737       236.930158      3.093926
2         200  1.046368        3.327373       381.874539      3.643092
3         400  1.060027        3.948803       589.413461      4.437097
4         800  1.088511        4.172589       929.000401      4.943922
5        1199  1.098957        4.447879      1112.151925      5.371736
 ---
w_nc=0.35,trial=3
   iterations         R  within_seq_var  between_seq_var  var_over_est
0          50  1.022019        2.749816       149.541105      2.872244
1         100  1.027998        3.125424       215.905053      3.302888
2         200  1.035883        3.134668       277.700526      3.363664
3         400  1.044223        3.661048       400.492342      3.992016
4         800  1.050634        4.255685       534.068836      4.697564
5        1199  1.055448        4.436483       610.688508      4.942115
 ---
w_nc=0.4,trial=1
   iterations         R  within_seq_var  between_seq_var  var_over_est
0          50  1.007111        2.162286        39.163368      2.193146
1         100  1.006636        1.983576        33.653000      2.009989
2         200  1.008132        2.405009        49.495066      2.444283
3         400  1.009614        3.479792        84.092283      3.547025
4         800  1.009451        3.801150        90.352082      3.873336
5        1199  1.012888        4.162377       133.627692      4.270355
 ---
w_nc=0.4,trial=2
   iterations         R  within_seq_var  between_seq_var  var_over_est
0          50  1.013836        2.066714        71.109632      2.124298
1         100  1.013881        3.842121       132.622632      3.949528
2         200  1.010723        4.232526       113.652539      4.323786
3         400  1.010959        4.368325       119.800645      4.464598
4         800  1.013964        4.753268       165.025928      4.886939
5        1199  1.015411        4.882126       186.688249      5.033757
 ---
w_nc=0.4,trial=3
   iterations         R  within_seq_var  between_seq_var  var_over_est
0          50  1.048705        2.048755       247.160263      2.253185
1         100  1.043592        3.589788       387.019526      3.909579
2         200  1.059780        4.243864       630.797632      4.766428
3         400  1.099459        4.567461      1148.093289      5.521193
4         800  1.182817        4.528058      2171.055076      6.335003
5        1199  1.223330        4.902464      2923.575537      7.336720
 ---
w_nc=0.45,trial=1
   iterations         R  within_seq_var  between_seq_var  var_over_est
0          50  1.010155        3.160163        80.509158      3.224675
1         100  1.014146        3.887687       136.698579      3.998455
2         200  1.021476        4.097631       217.392763      4.275525
3         400  1.042820        4.065841       430.491730      4.421492
4         800  1.025936        4.532865       290.105437      4.771041
5        1199  1.019112        4.493338       212.393470      4.666733
 ---
w_nc=0.45,trial=2
   iterations         R  within_seq_var  between_seq_var  var_over_est
0          50  1.005353        2.754143        38.200684      2.783706
1         100  1.005820        3.623010        54.330579      3.665302
2         200  1.006699        3.960018        67.787053      4.013251
3         400  1.005036        4.584510        60.083796      4.630798
4         800  1.008374        4.693167        99.326187      4.772094
5        1199  1.008297        4.615119        96.819580      4.692020
 ---
w_nc=0.45,trial=3
   iterations         R  within_seq_var  between_seq_var  var_over_est
0          50  1.023170        2.750143       157.320053      2.879059
1         100  1.035140        3.052131       264.759737      3.270403
2         200  1.041958        3.727774       386.666211      4.047155
3         400  1.063648        4.137717       655.767638      4.681195
4         800  1.092738        4.551982      1063.786362      5.435413
5        1199  1.119874        4.756997      1454.152416      5.965834
 ---
w_nc=0.5,trial=1
   iterations         R  within_seq_var  between_seq_var  var_over_est
0          50  1.012042        3.521347       105.816842      3.606664
1         100  1.017481        4.143571       179.358184      4.289705
2         200  1.024494        4.202240       254.055250      4.410624
3         400  1.024296        4.665212       279.771230      4.894658
4         800  1.015735        5.086212       198.508740      5.247532
5        1199  1.012606        4.973540       156.262449      5.099719
 ---
w_nc=0.5,trial=2
   iterations         R  within_seq_var  between_seq_var  var_over_est
0          50  1.006564        1.953102        32.794737      1.978825
1         100  1.008089        1.757828        35.991526      1.786380
2         200  1.009908        2.687892        66.866500      2.741419
3         400  1.009752        3.792373        92.907980      3.866698
4         800  1.016561        4.432212       181.910118      4.580234
5        1199  1.016482        4.378339       178.851593      4.523854
 ---
w_nc=0.5,trial=3
   iterations         R  within_seq_var  between_seq_var  var_over_est
0          50  1.025647        1.941041       122.848579      2.041881
1         100  1.027790        2.687949       184.304053      2.839422
2         200  1.017193        4.240742       180.584171      4.387818
3         400  1.013551        4.266094       143.835829      4.382499
4         800  1.012979        3.904861       126.229678      4.006884
5        1199  1.014413        4.295265       153.816738      4.419970
 ---
w_nc=0.55,trial=1
   iterations         R  within_seq_var  between_seq_var  var_over_est
0          50  1.006406        3.601041        59.092053      3.647322
1         100  1.007186        4.096020        74.935158      4.155102
2         200  1.016189        3.777209       151.599289      3.900496
3         400  1.023440        4.447958       257.399125      4.658927
4         800  1.043874        4.509462       489.351924      4.913834
5        1199  1.061875        4.351592       670.005250      4.906766
 ---
w_nc=0.55,trial=2
   iterations         R  within_seq_var  between_seq_var  var_over_est
0          50  1.012400        2.371755        73.333263      2.430939
1         100  1.007792        2.949682        58.281711      2.995830
2         200  1.009376        3.354847        79.138132      3.418052
3         400  1.007905        3.534034        70.794086      3.590131
4         800  1.005095        3.943882        52.254181      3.984175
5        1199  1.005654        3.705960        54.092878      3.747984
 ---
w_nc=0.55,trial=3
   iterations         R  within_seq_var  between_seq_var  var_over_est
0          50  1.004224        2.082224        23.216053      2.099851
1         100  1.005508        2.329687        33.185842      2.355422
2         200  1.007185        2.687861        49.164908      2.726624
3         400  1.007006        3.913134        69.881086      3.968153
4         800  1.006781        4.463065        77.286543      4.523802
5        1199  1.006036        4.283834        66.473864      4.335702
 ---
