w_nc=0.0,trial=1
   iterations         R  within_seq_var  between_seq_var  var_over_est
0          50  1.061618        2.146980       329.159474      2.419717
1         100  1.114403        2.192894       638.200132      2.723342
2         200  1.132193        3.106420      1052.927158      3.982000
3         400  1.191652        3.703687      1868.956553      5.259361
4         800  1.288143        4.105762      3249.769365      6.812737
5        1199  1.383100        4.176704      4576.187718      7.989891
 ---
w_nc=0.0,trial=2
   iterations         R  within_seq_var  between_seq_var  var_over_est
0          50  1.059371        2.022429       298.506684      2.269705
1         100  1.071989        2.849803       512.514658      3.274878
2         200  1.099751        3.521036       887.768382      4.258524
3         400  1.168296        3.665925      1607.631533      5.003678
4         800  1.293968        3.855401      3121.142783      6.455307
5        1199  1.388436        4.008607      4463.099100      7.727615
 ---
w_nc=0.0,trial=3
   iterations         R  within_seq_var  between_seq_var  var_over_est
0          50  1.072485        1.708490       309.440947      1.965147
1         100  1.066359        2.913470       481.916868      3.312972
2         200  1.089034        3.641335       815.689671      4.318607
3         400  1.145644        3.874481      1455.593355      5.085256
4         800  1.257060        3.976356      2770.166990      6.283438
5        1199  1.369014        3.975588      4171.041752      7.451039
 ---
w_nc=0.05,trial=1
   iterations         R  within_seq_var  between_seq_var  var_over_est
0          50  1.064425        1.683796       270.196737      1.907743
1         100  1.094173        2.090480       496.408132      2.502755
2         200  1.119614        2.760577       841.948592      3.460483
3         400  1.162981        3.291983      1394.740908      4.452491
4         800  1.293325        3.304727      2668.748717      5.527783
5        1199  1.379231        3.391367      3672.280036      6.451324
 ---
w_nc=0.05,trial=2
   iterations         R  within_seq_var  between_seq_var  var_over_est
0          50  1.078716        1.507102       297.187684      1.753708
1         100  1.116226        1.881965       556.885974      2.344854
2         200  1.154856        2.559727      1026.696803      3.413887
3         400  1.220400        3.224622      1895.313408      4.802678
4         800  1.321361        3.671011      3287.200237      6.409567
5        1199  1.375567        4.170848      4465.846991      7.892012
 ---
w_nc=0.05,trial=3
   iterations         R  within_seq_var  between_seq_var  var_over_est
0          50  1.077497        1.644143       319.029211      1.908851
1         100  1.123796        1.866697       590.322684      2.357486
2         200  1.157282        2.615242      1066.555118      3.502598
3         400  1.251682        2.932709      1995.660513      4.594701
4         800  1.401772        3.180345      3682.812865      6.249262
5        1199  1.551506        3.231327      5455.119615      7.778357
 ---
w_nc=0.1,trial=1
   iterations         R  within_seq_var  between_seq_var  var_over_est
0          50  1.058279        1.894857       274.422842      2.122153
1         100  1.079385        2.570288       511.287447      2.994572
2         200  1.106611        3.379997       913.553105      4.139108
3         400  1.168962        3.628884      1598.164914      4.958772
4         800  1.268002        3.788751      2764.982898      6.091666
5        1199  1.340408        3.909174      3738.096036      7.023592
 ---
w_nc=0.1,trial=2
   iterations         R  within_seq_var  between_seq_var  var_over_est
0          50  1.101868        1.176061       303.097105      1.427872
1         100  1.097015        2.138076       523.673921      2.573051
2         200  1.105399        3.180097       849.296671      3.885782
3         400  1.189686        3.254364      1623.954967      4.606074
4         800  1.305161        3.430442      2896.770049      5.843570
5        1199  1.396201        3.589151      4089.136225      6.996613
 ---
w_nc=0.1,trial=3
   iterations         R  within_seq_var  between_seq_var  var_over_est
0          50  1.064656        1.750245       281.890737      1.983890
1         100  1.107825        1.954571       534.582184      2.398797
2         200  1.159701        2.326741       964.532816      3.129248
3         400  1.209382        2.972355      1651.630171      4.347382
4         800  1.303728        3.447048      2895.344270      5.858972
5        1199  1.386663        3.644292      4035.975739      7.007370
 ---
w_nc=0.15,trial=1
   iterations         R  within_seq_var  between_seq_var  var_over_est
0          50  1.049076        2.342490       284.784000      2.578054
1         100  1.070462        2.857551       502.700026      3.274433
2         200  1.102167        3.430899       886.925395      4.167759
3         400  1.174626        3.653968      1667.362322      5.041548
4         800  1.251065        4.165339      2826.734905      6.519442
5        1199  1.293129        4.562501      3681.696236      7.629335
 ---
w_nc=0.15,trial=2
   iterations         R  within_seq_var  between_seq_var  var_over_est
0          50  1.040988        1.985837       201.174632      2.151966
1         100  1.054963        2.535929       345.962158      2.822357
2         200  1.084196        2.776864       587.036579      3.264153
3         400  1.115442        3.214538       944.461112      3.999564
4         800  1.137740        3.954777      1400.181507      5.119270
5        1199  1.177433        4.214333      1956.423533      5.842531
 ---
w_nc=0.15,trial=3
   iterations         R  within_seq_var  between_seq_var  var_over_est
0          50  1.042545        1.427633       150.175474      1.551693
1         100  1.066517        1.662081       275.594579      1.890548
2         200  1.100459        1.930286       490.292868      2.337595
3         400  1.131981        2.344352       793.273947      3.004010
4         800  1.174256        2.755193      1254.366487      3.799072
5        1199  1.255170        2.727981      1884.944221      4.297803
 ---
w_nc=0.2,trial=1
   iterations         R  within_seq_var  between_seq_var  var_over_est
0          50  1.065126        1.419796       230.371368      1.610748
1         100  1.076808        2.089505       401.723895      2.422811
2         200  1.092893        2.807881       657.337303      3.353777
3         400  1.159928        2.979733      1237.104796      4.009028
4         800  1.218029        3.456154      2007.439766      5.127534
5        1199  1.269204        3.591991      2634.528122      5.786267
 ---
w_nc=0.2,trial=2
   iterations         R  within_seq_var  between_seq_var  var_over_est
0          50  1.067027        1.409388       235.532632      1.604653
1         100  1.114570        1.567343       456.844737      1.947058
2         200  1.164658        1.975976       846.421908      2.680268
3         400  1.284285        2.090628      1629.889586      3.448259
4         800  1.410883        2.463079      2927.907510      4.902982
5        1199  1.484821        2.811800      4064.254372      6.199158
 ---
w_nc=0.2,trial=3
   iterations         R  within_seq_var  between_seq_var  var_over_est
0          50  1.051396        2.001714       255.049684      2.212763
1         100  1.079667        2.405364       480.235158      2.803887
2         200  1.092891        3.323324       777.987368      3.969416
3         400  1.141909        3.772772      1378.733158      4.919528
4         800  1.223511        4.163262      2484.956329      6.232314
5        1199  1.292245        4.291422      3451.184351      7.166228
 ---
w_nc=0.25,trial=1
   iterations         R  within_seq_var  between_seq_var  var_over_est
0          50  1.021823        2.458816       132.534105      2.567303
1         100  1.023467        3.166162       183.427053      3.316504
2         200  1.033249        3.570663       292.994763      3.812051
3         400  1.032450        4.006927       320.867842      4.271198
4         800  1.040246        4.308349       428.476530      4.662117
5        1199  1.042461        4.383006       460.142009      4.763122
 ---
w_nc=0.25,trial=2
   iterations         R  within_seq_var  between_seq_var  var_over_est
0          50  1.034788        2.202204       189.107474      2.358088
1         100  1.054258        2.501949       336.863579      2.780817
2         200  1.064298        3.186469       510.291987      3.609409
3         400  1.074647        3.980848       743.164125      4.597348
4         800  1.105204        4.095578      1091.670141      5.002646
5        1199  1.142002        4.028134      1473.082066      5.253367
 ---
w_nc=0.25,trial=3
   iterations         R  within_seq_var  between_seq_var  var_over_est
0          50  1.020898        3.700143       191.062684      3.856409
1         100  1.015840        5.259167       206.609342      5.427098
2         200  1.011586        5.548320       160.586329      5.677626
3         400  1.018441        6.033410       275.299283      6.257985
4         800  1.030469        6.133132       461.079016      6.512569
5        1199  1.025725        6.139904       389.778432      6.459869
 ---
w_nc=0.3,trial=1
   iterations         R  within_seq_var  between_seq_var  var_over_est
0          50  1.012410        3.291878       101.859789      3.374086
1         100  1.014321        2.886545       102.722842      2.969812
2         200  1.020932        3.037933       157.122171      3.166444
3         400  1.018740        4.246946       196.888099      4.407615
4         800  1.016342        4.882113       197.766875      5.042984
5        1199  1.014018        4.692525       163.536708      4.825005
 ---
w_nc=0.3,trial=2
   iterations         R  within_seq_var  between_seq_var  var_over_est
0          50  1.056413        2.273796       318.546737      2.537577
1         100  1.074966        2.956328       554.329658      3.416189
2         200  1.112984        3.283675       943.205013      4.067596
3         400  1.160713        3.731414      1557.336197      5.027164
4         800  1.242766        4.105031      2683.936635      6.340086
5        1199  1.304311        4.246449      3574.537663      7.224173
 ---
w_nc=0.3,trial=3
   iterations         R  within_seq_var  between_seq_var  var_over_est
0          50  1.044646        3.103939       342.834474      3.387284
1         100  1.063063        3.792056       595.324342      4.285410
2         200  1.080225        4.796160       964.488697      5.596570
3         400  1.111322        5.421634      1533.281974      6.695913
4         800  1.161060        5.805402      2428.536559      7.826028
5        1199  1.178995        6.215798      2912.996148      8.640135
 ---
w_nc=0.35,trial=1
   iterations         R  within_seq_var  between_seq_var  var_over_est
0          50  1.106683        1.140694       308.527158      1.397063
1         100  1.148493        1.485061       569.556684      1.958848
2         200  1.193531        1.994129      1016.994303      2.840668
3         400  1.259519        2.577048      1814.444408      4.088196
4         800  1.377602        3.176466      3422.477016      6.028259
5        1199  1.516178        3.277465      5107.125034      7.534219
 ---
w_nc=0.35,trial=2
   iterations         R  within_seq_var  between_seq_var  var_over_est
0          50  1.033380        2.713102       223.510000      2.897253
1         100  1.039517        3.809247       371.917132      4.116260
2         200  1.054236        4.055328       545.788039      4.507148
3         400  1.085922        4.540409       980.245842      5.354175
4         800  1.156274        4.606467      1865.744747      6.158709
5        1199  1.208437        4.741239      2621.542645      6.923726
 ---
w_nc=0.35,trial=3
   iterations         R  within_seq_var  between_seq_var  var_over_est
0          50  1.038522        2.146306       204.229737      2.314849
1         100  1.033430        3.424692       282.558395      3.657497
2         200  1.048218        3.936162       470.035539      4.324902
3         400  1.066573        4.440662       736.949763      5.051596
4         800  1.075138        4.847079       911.006296      5.602841
5        1199  1.085880        5.258612      1134.723649      6.200618
 ---
w_nc=0.4,trial=1
   iterations         R  within_seq_var  between_seq_var  var_over_est
0          50  1.056617        0.936531       131.687263      1.045580
1         100  1.061964        1.385485       213.632105      1.562505
2         200  1.044760        2.259254       250.182658      2.466029
3         400  1.050519        2.759694       345.525145      3.045570
4         800  1.064787        3.061020       494.025645      3.470499
5        1199  1.083809        3.140901       660.833216      3.689435
 ---
w_nc=0.4,trial=2
   iterations         R  within_seq_var  between_seq_var  var_over_est
0          50  1.072283        1.856612       335.304105      2.134717
1         100  1.106854        2.274742       616.286395      2.786846
2         200  1.124281        3.266644      1037.308645      4.129065
3         400  1.146446        4.357064      1646.504270      5.726661
4         800  1.194486        5.098806      2614.308770      7.274961
5        1199  1.264369        5.219248      3751.361020      8.343637
 ---
w_nc=0.4,trial=3
   iterations         R  within_seq_var  between_seq_var  var_over_est
0          50  1.046950        2.006204       233.178105      2.199008
1         100  1.057810        2.711485       389.466368      3.034049
2         200  1.072249        3.458029       624.217566      3.975760
3         400  1.098100        4.018845       995.803059      4.846021
4         800  1.168195        4.209986      1845.032806      5.745285
5        1199  1.215375        4.338143      2486.126674      6.408025
 ---
w_nc=0.45,trial=1
   iterations         R  within_seq_var  between_seq_var  var_over_est
0          50  1.050912        2.106347       265.809842      2.326283
1         100  1.074196        2.537126       470.691447      2.927580
2         200  1.095063        3.299386       791.184855      3.956505
3         400  1.139874        4.074432      1466.288434      5.293960
4         800  1.200517        4.773456      2530.162803      6.879703
5        1199  1.260534        4.971892      3515.858252      7.900070
 ---
w_nc=0.45,trial=2
   iterations         R  within_seq_var  between_seq_var  var_over_est
0          50  1.024246        3.176408       190.100947      3.332309
1         100  1.027775        4.167960       285.626158      4.402704
2         200  1.045238        4.005180       448.313118      4.375745
3         400  1.047700        5.578518       658.888882      6.123397
4         800  1.048002        6.690389       795.304086      7.348115
5        1199  1.062977        6.791342      1064.704236      7.673671
 ---
w_nc=0.45,trial=3
   iterations         R  within_seq_var  between_seq_var  var_over_est
0          50  1.038052        1.630857       153.275684      1.757333
1         100  1.043843        2.201889       238.773421      2.399196
2         200  1.055460        2.825739       389.051526      3.147862
3         400  1.072185        3.295885       594.405408      3.788887
4         800  1.085736        3.780097       814.266145      4.456065
5        1199  1.106861        3.915302      1060.832167      4.796801
 ---
w_nc=0.5,trial=1
   iterations         R  within_seq_var  between_seq_var  var_over_est
0          50  1.035421        2.642367       231.061474      2.832875
1         100  1.040975        3.710061       375.726421      4.020333
2         200  1.059505        4.081558       603.819105      4.581756
3         400  1.074644        4.805121       897.005007      5.549241
4         800  1.089570        5.439552      1226.119336      6.457634
5        1199  1.107651        5.521919      1507.709802      6.774786
 ---
w_nc=0.5,trial=2
   iterations         R  within_seq_var  between_seq_var  var_over_est
0          50  1.027972        3.372673       232.765316      3.563993
1         100  1.040764        3.887813       391.678658      4.211242
2         200  1.058097        4.485469       647.536355      5.021791
3         400  1.091792        4.799926      1109.832046      5.721555
4         800  1.153860        4.939054      1967.421855      6.575820
5        1199  1.192356        5.140965      2604.584851      7.308975
 ---
w_nc=0.5,trial=3
   iterations         R  within_seq_var  between_seq_var  var_over_est
0          50  1.023800        4.180000       245.576737      4.381332
1         100  1.032989        4.748742       386.606553      5.067223
2         200  1.055764        4.909097       679.662250      5.471860
3         400  1.072618        5.261160       954.699230      6.053018
4         800  1.081322        6.042140      1232.237816      7.064822
5        1199  1.085860        6.178426      1332.885185      7.284937
 ---
w_nc=0.55,trial=1
   iterations         R  within_seq_var  between_seq_var  var_over_est
0          50  1.034355        2.496633       211.713316      2.671125
1         100  1.059784        2.670561       396.972026      2.999419
2         200  1.075286        3.396247       639.618171      3.926875
3         400  1.093863        4.028566       953.350855      4.820327
4         800  1.138276        4.336116      1541.533326      5.618182
5        1199  1.184227        4.404608      2129.501591      6.176999
 ---
w_nc=0.55,trial=2
   iterations         R  within_seq_var  between_seq_var  var_over_est
0          50  1.029323        3.153980       228.178895      3.341657
1         100  1.041405        3.822389       391.199026      4.145472
2         200  1.057085        4.569764       647.981368      5.106387
3         400  1.067128        5.602840       937.783895      6.380305
4         800  1.095627        5.962307      1438.569599      7.157142
5        1199  1.110216        6.238973      1746.063461      7.690036
 ---
w_nc=0.55,trial=3
   iterations         R  within_seq_var  between_seq_var  var_over_est
0          50  1.014372        3.311122       118.243632      3.406979
1         100  1.016304        4.423051       178.763947      4.568456
2         200  1.019829        4.971628       243.711474      5.170744
3         400  1.023217        5.997855       343.806487      6.279597
4         800  1.025319        6.316978       394.712655      6.640911
5        1199  1.034356        6.665455       565.237918      7.131321
 ---
